Trials, 2, area, 4, area, 8, area, 16, area, 32, area, 64, area, 128, area, 256, area, 512, area, 

1, 2.14, 0.00 2.51, 3.53 2.32, 5.54 2.17, 6.19 2.10, 6.39 2.06, 6.45 2.24, 6.47 3.94, 6.48 3.92, 6.48 

2, 1.87, 0.00 4.78, 3.53 7.82, 5.54 4.24, 6.19 4.18, 6.39 4.11, 6.45 7.58, 6.47 7.77, 6.48 7.69, 6.48 

4, 2.59, 0.00 4.93, 3.53 6.86, 5.54 7.72, 6.19 8.02, 6.39 8.04, 6.45 8.08, 6.47 8.03, 6.48 15.09, 6.48 

8, 1.39, 0.00 4.59, 3.53 12.13, 5.54 19.51, 6.19 15.67, 6.39 15.94, 6.45 16.05, 6.47 15.93, 6.48 29.34, 6.48 

16, 0.96, 0.00 2.88, 3.53 9.76, 5.54 18.01, 6.19 22.49, 6.39 23.75, 6.45 24.50, 6.47 24.22, 6.48 43.35, 6.48 

