Trials, 50, hit%, 100, hit%, 500, hit%, 1000, hit%, 5000, hit%, 10000, hit%, 20000, hit%, 

1,    28.04,     0.12,    34.45,     0.11,    37.15,     0.10,    34.62,     0.12,    33.48,     0.13,    33.44,     0.13,    33.39,     0.13, 

2,    21.91,     0.10,    34.47,     0.13,    57.38,     0.13,    56.92,     0.13,    63.67,     0.13,    65.66,     0.13,    65.89,     0.13, 

4,    18.90,     0.16,    35.89,     0.12,    85.28,     0.14,   103.14,     0.13,   120.59,     0.13,   122.35,     0.13,   122.95,     0.14, 

8,    13.05,     0.10,    23.03,     0.13,   101.68,     0.14,   131.93,     0.13,   215.38,     0.14,   231.66,     0.13,   240.88,     0.13, 

